<Qucs Dataset 0.0.19>
<indep time 103>
  +0.00000000000000000000e+00
  +9.80392156862745084434e-02
  +1.96078431372549016887e-01
  +2.94117647058823539208e-01
  +3.92156862745098033773e-01
  +4.90196078431372528339e-01
  +5.88235294117647078416e-01
  +6.86274509803921572981e-01
  +7.84313725490196067547e-01
  +8.82352941176470562112e-01
  +9.80392156862745056678e-01
  +1.07843137254901955124e+00
  +1.17647058823529415683e+00
  +1.27450980392156854037e+00
  +1.37254901960784314596e+00
  +1.47058823529411752951e+00
  +1.56862745098039213509e+00
  +1.66666666666666674068e+00
  +1.76470588235294112422e+00
  +1.86274509803921572981e+00
  +1.96078431372549011336e+00
  +2.05882352941176449690e+00
  +2.15686274509803910249e+00
  +2.25490196078431370807e+00
  +2.35294117647058831366e+00
  +2.45098039215686291925e+00
  +2.54901960784313708075e+00
  +2.64705882352941168634e+00
  +2.74509803921568629193e+00
  +2.84313725490196089751e+00
  +2.94117647058823505901e+00
  +3.03921568627450966460e+00
  +3.13725490196078427019e+00
  +3.23529411764705887578e+00
  +3.33333333333333348136e+00
  +3.43137254901960764286e+00
  +3.52941176470588224845e+00
  +3.62745098039215685404e+00
  +3.72549019607843145963e+00
  +3.82352941176470562112e+00
  +3.92156862745098022671e+00
  +4.01960784313725483230e+00
  +4.11764705882352899380e+00
  +4.21568627450980404348e+00
  +4.31372549019607820497e+00
  +4.41176470588235325465e+00
  +4.50980392156862741615e+00
  +4.60784313725490157765e+00
  +4.70588235294117662733e+00
  +4.80392156862745078882e+00
  +4.90196078431372583850e+00
  +5.00000000000000000000e+00
  +5.09803921568627416150e+00
  +5.19607843137254921118e+00
  +5.29411764705882337267e+00
  +5.39215686274509753417e+00
  +5.49019607843137258385e+00
  +5.58823529411764674535e+00
  +5.68627450980392179503e+00
  +5.78431372549019595652e+00
  +5.88235294117647011802e+00
  +5.98039215686274516770e+00
  +6.07843137254901932920e+00
  +6.17647058823529437888e+00
  +6.27450980392156854037e+00
  +6.37254901960784270187e+00
  +6.47058823529411775155e+00
  +6.56862745098039191305e+00
  +6.66666666666666696273e+00
  +6.76470588235294112422e+00
  +6.86274509803921528572e+00
  +6.96078431372549033540e+00
  +7.05882352941176449690e+00
  +7.15686274509803954658e+00
  +7.25490196078431370807e+00
  +7.35294117647058786957e+00
  +7.45098039215686291925e+00
  +7.54901960784313708075e+00
  +7.64705882352941124225e+00
  +7.74509803921568629193e+00
  +7.84313725490196045342e+00
  +7.94117647058823550310e+00
  +8.03921568627450966460e+00
  +8.13725490196078382610e+00
  +8.23529411764705798760e+00
  +8.33333333333333392545e+00
  +8.43137254901960808695e+00
  +8.52941176470588224845e+00
  +8.62745098039215640995e+00
  +8.72549019607843057145e+00
  +8.82352941176470650930e+00
  +8.92156862745098067080e+00
  +9.01960784313725483230e+00
  +9.11764705882352899380e+00
  +9.21568627450980315530e+00
  +9.31372549019607909315e+00
  +9.41176470588235325465e+00
  +9.50980392156862741615e+00
  +9.60784313725490157765e+00
  +9.70588235294117573915e+00
  +9.80392156862745167700e+00
  +9.90196078431372583850e+00
  +1.00000000000000000000e+01
</indep>
<dep V2.It time>
  -3.18708732313940402980e-04
  -3.25366617818370954234e-04
  -3.25365650773461688970e-04
  -3.25365484955291838637e-04
  -3.25365412510900966180e-04
  -3.25365441230604773154e-04
  -3.25365442258232625758e-04
  -3.25365477135167895702e-04
  -3.25365501489774985432e-04
  -3.25365517689795531384e-04
  -3.25365596477773571984e-04
  -3.25365627506255276555e-04
  -3.25365644800333934841e-04
  -3.25365720905160368728e-04
  -3.25365745089313800759e-04
  -3.25365786078072303546e-04
  -3.25365818257556207484e-04
  -3.25365799451282882836e-04
  -3.25365859981154416716e-04
  -3.25365847689690617251e-04
  -3.25365893614605041981e-04
  -3.25365905484857706898e-04
  -3.25365913884474700600e-04
  -3.25365919257577000060e-04
  -3.25365921282326291900e-04
  -3.25365911249086753234e-04
  -3.25365914497051855400e-04
  -3.25365913686291000247e-04
  -3.25365904587320887726e-04
  -3.25365898607189133352e-04
  -3.25365892866612336880e-04
  -3.25365886756156662447e-04
  -3.25365880274653828004e-04
  -3.25365873889436874305e-04
  -3.25365867764025823525e-04
  -3.25365862048771002472e-04
  -3.25365857097524612592e-04
  -3.25365852339848642821e-04
  -3.25365849143129494750e-04
  -3.25365849158335809690e-04
  -3.25365846488821406322e-04
  -3.25365832141589670333e-04
  -3.25365837943054447660e-04
  -3.25365826064602286973e-04
  -3.25365810056615684023e-04
  -3.25365835761442351824e-04
  -3.25365823943263917251e-04
  -3.25365807631942320459e-04
  -3.25365835981482863244e-04
  -3.25365829370676614037e-04
  -3.25365839133777315188e-04
  -3.25365839612432245550e-04
  -3.25365798958066575197e-04
  -3.25365833470476920140e-04
  -3.25365793069424679047e-04
  -3.25365835099349412756e-04
  -3.25365809925259386656e-04
  -3.25365812821919349329e-04
  -3.25365816137915264683e-04
  -3.25365817409719053268e-04
  -3.25365807731308419575e-04
  -3.25365815014341211876e-04
  -3.25365804229956596082e-04
  -3.25365840805866919552e-04
  -3.25365814229820814012e-04
  -3.25365809787862294254e-04
  -3.25365814360174766470e-04
  -3.25365815335613896980e-04
  -3.25365815197307646847e-04
  -3.25365815309164026041e-04
  -3.25365815364085154450e-04
  -3.25365817093394233198e-04
  -3.25365817195744327743e-04
  -3.25365804593119329474e-04
  -3.25365840946973284425e-04
  -3.25365815250928383170e-04
  -3.25365805736065960910e-04
  -3.25365812138347606283e-04
  -3.25365802350960939097e-04
  -3.25365843177840793378e-04
  -3.25365814315519135281e-04
  -3.25365829147438519360e-04
  -3.25365849039726694105e-04
  -3.25365846343939090542e-04
  -3.25365829120526453035e-04
  -3.25365845548241923533e-04
  -3.25365826610408200460e-04
  -3.25365831719849661965e-04
  -3.25365815400546765090e-04
  -3.25365830202224931653e-04
  -3.25365809400750944334e-04
  -3.25365823607403237706e-04
  -3.25365823491774539683e-04
  -3.25365804688567176149e-04
  -3.25365828587983259464e-04
  -3.25365851691888441702e-04
  -3.25365844300637527438e-04
  -3.25365847994916893363e-04
  -3.25365828303441283979e-04
  -3.25365831724715019214e-04
  -3.25365832696525975574e-04
  -3.25365813988099349119e-04
  -3.25365811282157162219e-04
</dep>
<dep V5.It time>
  -1.97551005015590773039e-05
  -1.87590384400320593346e-05
  -1.87590342155369735832e-05
  -1.87333463991137541213e-05
  -1.87960943042698418323e-05
  -1.88602490890125851631e-05
  -1.88460951229270341030e-05
  -1.88967326767067839936e-05
  -1.88428555202535881637e-05
  -1.88805107266949329949e-05
  -1.89185030782473587673e-05
  -1.88478246939017858857e-05
  -1.88742763990388723642e-05
  -1.88978447107215792318e-05
  -1.88119561444922182511e-05
  -1.88241523841878399088e-05
  -1.88363486236470648353e-05
  -1.86973404938192840855e-05
  -1.86988719253961144663e-05
  -1.86385231136763217404e-05
  -1.86539402268398723920e-05
  -1.86661364643147396805e-05
  -1.86819277035598185050e-05
  -1.87046079321093799085e-05
  -1.87272881606601779801e-05
  -1.86623814242059490626e-05
  -1.86529548698511745612e-05
  -1.86918316079965676215e-05
  -1.86784003110275884281e-05
  -1.86649690139303074600e-05
  -1.86578771401541339432e-05
  -1.86572596099605035862e-05
  -1.86566420797212418703e-05
  -1.86560245494397538679e-05
  -1.86554070191191769890e-05
  -1.86552208894492827808e-05
  -1.86585460566428111302e-05
  -1.86618712238140320198e-05
  -1.86744038084648945951e-05
  -1.87250413466719539148e-05
  -1.87756788848658232375e-05
  -1.87018488070388389432e-05
  -1.87460794616225775847e-05
  -1.86858343528158053683e-05
  -1.87195438277946269541e-05
  -1.87614818947933484567e-05
  -1.86953973664060724125e-05
  -1.87316846317255459708e-05
  -1.87730162571616914727e-05
  -1.87474313971611833104e-05
  -1.87980689353236277107e-05
  -1.88487064734800005789e-05
  -1.87329881392825120696e-05
  -1.87422006281719680666e-05
  -1.86257036422651125313e-05
  -1.86365796082809355634e-05
  -1.86441820687216846760e-05
  -1.86682211478297119657e-05
  -1.87188586860591194027e-05
  -1.87694962242493532600e-05
  -1.87060591380778170625e-05
  -1.87438829090092631108e-05
  -1.86698393492410510399e-05
  -1.86707953440217137712e-05
  -1.86686042875303352272e-05
  -1.86115932140518570287e-05
  -1.86212266969638709480e-05
  -1.86308601798834810588e-05
  -1.86353483915267316743e-05
  -1.86386735582519964935e-05
  -1.86419987249764007272e-05
  -1.86627346936550838621e-05
  -1.86854149214549770616e-05
  -1.85937062260181594216e-05
  -1.85954054753682106605e-05
  -1.85924711641181351332e-05
  -1.84796507433269208479e-05
  -1.84662194449651518267e-05
  -1.83504552505492491809e-05
  -1.83779611212033835695e-05
  -1.83139020699704980501e-05
  -1.84328797014889871465e-05
  -1.85608608976621031672e-05
  -1.86481091997897729213e-05
  -1.85774682927753851563e-05
  -1.86691098864729240943e-05
  -1.87536671936949943577e-05
  -1.86578067779386461513e-05
  -1.86519513685022287871e-05
  -1.85377912340308421198e-05
  -1.84819566461781656494e-05
  -1.85745562742305280574e-05
  -1.86677131949596792368e-05
  -1.85827826065774087986e-05
  -1.87359302835629036859e-05
  -1.88963952484872190222e-05
  -1.89545949330470322525e-05
  -1.90832409090569211951e-05
  -1.89947575477765615763e-05
  -1.89628561686801441462e-05
  -1.89622386381232925089e-05
  -1.87877055467026368317e-05
  -1.85820677403347031737e-05
</dep>
<dep stage3l.Vt time>
  +2.97529262539769234763e+00
  +2.97537161709586106539e+00
  +2.97537162775470909182e+00
  +2.97537166296971289370e+00
  +2.97537163064053311601e+00
  +2.97537176822398352627e+00
  +2.97537179642473681440e+00
  +2.97537168345752434107e+00
  +2.97537161482688317093e+00
  +2.97537161766213431591e+00
  +2.97537167228429444421e+00
  +2.97537169682060742559e+00
  +2.97537169624196806694e+00
  +2.97537176836934635915e+00
  +2.97537173471216975784e+00
  +2.97537172123035942306e+00
  +2.97537173429013757087e+00
  +2.97537171849708936833e+00
  +2.97537173196476301129e+00
  +2.97537172175718955813e+00
  +2.97537171998246652294e+00
  +2.97537179284454333938e+00
  +2.97537177306957234535e+00
  +2.97537174225026479490e+00
  +2.97537176758475085947e+00
  +2.97537169881433483098e+00
  +2.97537168872981361289e+00
  +2.97537169516115174162e+00
  +2.97537175263335651465e+00
  +2.97537163026028617097e+00
  +2.97537167885467823680e+00
  +2.97537159067382805944e+00
  +2.97537166740255853981e+00
  +2.97537175840076617561e+00
  +2.97537178513743061359e+00
  +2.97537173479674210697e+00
  +2.97537178483295239317e+00
  +2.97537177720688150728e+00
  +2.97537169098931508771e+00
  +2.97537168246209615674e+00
  +2.97537161280713391420e+00
  +2.97537164710751866892e+00
  +2.97537168148751129948e+00
  +2.97537168320984957148e+00
  +2.97537165808447934268e+00
  +2.97537178411017722013e+00
  +2.97537171628190311168e+00
  +2.97537168832325749079e+00
  +2.97537165166065964428e+00
  +2.97537178803167323693e+00
  +2.97537169007539814558e+00
  +2.97537166453681001244e+00
  +2.97537174077379118486e+00
  +2.97537169949946944669e+00
  +2.97537166713662903916e+00
  +2.97537168481679437093e+00
  +2.97537178637324339903e+00
  +2.97537178789171186111e+00
  +2.97537172612996680954e+00
  +2.97537178896286924612e+00
  +2.97537176629882127443e+00
  +2.97537167101266497582e+00
  +2.97537173372480401312e+00
  +2.97537176138331771469e+00
  +2.97537182892429274972e+00
  +2.97537172546805628315e+00
  +2.97537166573976286088e+00
  +2.97537167245954448092e+00
  +2.97537169606508156150e+00
  +2.97537171182914939038e+00
  +2.97537171067191863472e+00
  +2.97537168012363695269e+00
  +2.97537167879235830981e+00
  +2.97537166238023642606e+00
  +2.97537164667268116958e+00
  +2.97537164322758540536e+00
  +2.97537170490924429700e+00
  +2.97537174777905422118e+00
  +2.97537165952552173920e+00
  +2.97537174282757366228e+00
  +2.97537177325180035581e+00
  +2.97537180511867571653e+00
  +2.97537178685776959597e+00
  +2.97537169528681255670e+00
  +2.97537172161388596692e+00
  +2.97537168360616632867e+00
  +2.97537166666530206172e+00
  +2.97537165989223773011e+00
  +2.97537159007637974639e+00
  +2.97537153498283712949e+00
  +2.97537162308290570323e+00
  +2.97537170004690443292e+00
  +2.97537170858511279548e+00
  +2.97537161803829697249e+00
  +2.97537168112962957522e+00
  +2.97537173682079458814e+00
  +2.97537165884999588172e+00
  +2.97537158836050252830e+00
  +2.97537172455875476018e+00
  +2.97537168399085194537e+00
  +2.97537167661457147005e+00
  +2.97537165717177387592e+00
  +2.97537168979818611447e+00
</dep>
<dep _net5.Vt time>
  +4.76377504770703397163e-01
  +4.76377811806941386941e-01
  +4.76377811836911635446e-01
  +4.76377811845375975786e-01
  +4.76377811842865150904e-01
  +4.76377811847962351344e-01
  +4.76377811849677479383e-01
  +4.76377811850293209073e-01
  +4.76377811848429588704e-01
  +4.76377811847250698385e-01
  +4.76377811853298083200e-01
  +4.76377811852025934147e-01
  +4.76377811850892618484e-01
  +4.76377811856629418408e-01
  +4.76377811858484767615e-01
  +4.76377811857642052829e-01
  +4.76377811858263833233e-01
  +4.76377811856561972359e-01
  +4.76377811859793331983e-01
  +4.76377811856945110325e-01
  +4.76377811860159261492e-01
  +4.76377811859680422302e-01
  +4.76377811859889754853e-01
  +4.76377811860040800696e-01
  +4.76377811859761357560e-01
  +4.76377811859627131597e-01
  +4.76377811860670241639e-01
  +4.76377811859468813793e-01
  +4.76377811859378552661e-01
  +4.76377811858913868814e-01
  +4.76377811858949784529e-01
  +4.76377811858751887275e-01
  +4.76377811858409938583e-01
  +4.76377811858458843908e-01
  +4.76377811858071653628e-01
  +4.76377811858136601675e-01
  +4.76377811858037125692e-01
  +4.76377811858001598555e-01
  +4.76377811858220701069e-01
  +4.76377811857990440814e-01
  +4.76377811858058108907e-01
  +4.76377811859603594868e-01
  +4.76377811857756572333e-01
  +4.76377811855505817196e-01
  +4.76377811853875232639e-01
  +4.76377811858048672011e-01
  +4.76377811855409005748e-01
  +4.76377811853526733632e-01
  +4.76377811858054667216e-01
  +4.76377811856423694081e-01
  +4.76377811857224386927e-01
  +4.76377811857500943482e-01
  +4.76377811856163513315e-01
  +4.76377811857501387571e-01
  +4.76377811852502108803e-01
  +4.76377811857635946602e-01
  +4.76377811854555521798e-01
  +4.76377811854465316177e-01
  +4.76377811854619637177e-01
  +4.76377811854492183574e-01
  +4.76377811856252830758e-01
  +4.76377811854603760988e-01
  +4.76377811851967369883e-01
  +4.76377811857198074641e-01
  +4.76377811854519606083e-01
  +4.76377811855421828824e-01
  +4.76377811854161559157e-01
  +4.76377811854262478430e-01
  +4.76377811854284904935e-01
  +4.76377811854312605000e-01
  +4.76377811854342858577e-01
  +4.76377811854490740284e-01
  +4.76377811854460875285e-01
  +4.76377811852508492585e-01
  +4.76377811856670052570e-01
  +4.76377811855158372900e-01
  +4.76377811856155519710e-01
  +4.76377811854546695525e-01
  +4.76377811852757016009e-01
  +4.76377811856898536469e-01
  +4.76377811850663857030e-01
  +4.76377811855235033800e-01
  +4.76377811857482569291e-01
  +4.76377811857616351165e-01
  +4.76377811854573951500e-01
  +4.76377811857192079437e-01
  +4.76377811855143440400e-01
  +4.76377811858431532421e-01
  +4.76377811855120680828e-01
  +4.76377811857780608662e-01
  +4.76377811854811816783e-01
  +4.76377811854885424570e-01
  +4.76377811855145716358e-01
  +4.76377811851858734560e-01
  +4.76377811856417476832e-01
  +4.76377811856748600849e-01
  +4.76377811858764488306e-01
  +4.76377811855883515069e-01
  +4.76377811856057542528e-01
  +4.76377811856680266622e-01
  +4.76377811856043886785e-01
  +4.76377811855332955471e-01
  +4.76377811855768440452e-01
</dep>
<dep stage2h.Vt time>
  +2.00654285296728573940e+00
  +2.01080099821818603090e+00
  +2.01079005161458646000e+00
  +2.01078780346238694676e+00
  +2.01078727429604864341e+00
  +2.01078729411722090248e+00
  +2.01078731190355597391e+00
  +2.01078771780243314993e+00
  +2.01078799202320901429e+00
  +2.01078849967517925279e+00
  +2.01078909595929555820e+00
  +2.01078944732204645263e+00
  +2.01078998782815920876e+00
  +2.01079053298049759135e+00
  +2.01079082307193068857e+00
  +2.01079130060237032396e+00
  +2.01079167515465018212e+00
  +2.01079176116771440874e+00
  +2.01079217466320114838e+00
  +2.01079231598059271491e+00
  +2.01079257416358814226e+00
  +2.01079271239095414003e+00
  +2.01079281054147296359e+00
  +2.01079287316517785200e+00
  +2.01079289681628337050e+00
  +2.01079277912663512140e+00
  +2.01079282227356115342e+00
  +2.01079281218588468150e+00
  +2.01079270641262830566e+00
  +2.01079263696633336878e+00
  +2.01079257084099571884e+00
  +2.01079249986059016564e+00
  +2.01079242452802020580e+00
  +2.01079235030597169853e+00
  +2.01079227909816182773e+00
  +2.01079221269371410941e+00
  +2.01079215513548703598e+00
  +2.01079209981984652345e+00
  +2.01079206348472050436e+00
  +2.01079206372923469104e+00
  +2.01079203265402517431e+00
  +2.01079187607961884510e+00
  +2.01079194443842457218e+00
  +2.01079179706919131121e+00
  +2.01079187203814724327e+00
  +2.01079190927375650588e+00
  +2.01079176248836333230e+00
  +2.01079185358959344754e+00
  +2.01079190190737566724e+00
  +2.01079181923781025176e+00
  +2.01079193247571019754e+00
  +2.01079193784564047576e+00
  +2.01079174373555824573e+00
  +2.01079187873773390649e+00
  +2.01079168725016854680e+00
  +2.01079188754672966155e+00
  +2.01079188201117320389e+00
  +2.01079191693476655445e+00
  +2.01079195548112910075e+00
  +2.01079197015627642031e+00
  +2.01079186630270623226e+00
  +2.01079195167009139311e+00
  +2.01079181622144265162e+00
  +2.01079195372740793246e+00
  +2.01079193107327958145e+00
  +2.01079188510594075723e+00
  +2.01079193867634220538e+00
  +2.01079195000553623274e+00
  +2.01079194820586160120e+00
  +2.01079194939627559080e+00
  +2.01079194992631204997e+00
  +2.01079197010255095179e+00
  +2.01079197116700703063e+00
  +2.01079181418225028111e+00
  +2.01079196061869458489e+00
  +2.01079193669585976068e+00
  +2.01079183454346299698e+00
  +2.01079190966845144928e+00
  +2.01079178668366509442e+00
  +2.01079198863757557803e+00
  +2.01079188481847115355e+00
  +2.01079205435889774023e+00
  +2.01079210388339868487e+00
  +2.01079207244287516687e+00
  +2.01079185789511694082e+00
  +2.01079204778239351015e+00
  +2.01079203823018026753e+00
  +2.01079187264902392585e+00
  +2.01079191660333611580e+00
  +2.01079184639264907375e+00
  +2.01079185287914574687e+00
  +2.01079201891225789467e+00
  +2.01079201681094366094e+00
  +2.01079178242173028934e+00
  +2.01079205850516951060e+00
  +2.01079212359781100972e+00
  +2.01079204894851093499e+00
  +2.01079208746370996508e+00
  +2.01079185819088834819e+00
  +2.01079190083526171406e+00
  +2.01079191222776021419e+00
  +2.01079169180496553082e+00
  +2.01079166027295919150e+00
</dep>
<dep stage3h.Vt time>
  +2.97539599426463308163e+00
  +2.97537160019726742988e+00
  +2.97537161937028971082e+00
  +2.97537164985134161554e+00
  +2.97537164858863389938e+00
  +2.97537173835923685061e+00
  +2.97537177177746459122e+00
  +2.97537170166809383787e+00
  +2.97537169862744299564e+00
  +2.97537173224372519797e+00
  +2.97537173836813506611e+00
  +2.97537175792887742531e+00
  +2.97537169599338202630e+00
  +2.97537169915647226048e+00
  +2.97537167015815828819e+00
  +2.97537173582381386794e+00
  +2.97537168382035943637e+00
  +2.97537167239509869887e+00
  +2.97537170193298372567e+00
  +2.97537165235820078024e+00
  +2.97537174121222403045e+00
  +2.97537175241269702397e+00
  +2.97537172461087706665e+00
  +2.97537163991991215894e+00
  +2.97537172000297234220e+00
  +2.97537170302905584762e+00
  +2.97537161708251840508e+00
  +2.97537168656379824583e+00
  +2.97537171055084836979e+00
  +2.97537167766608590114e+00
  +2.97537168801805096408e+00
  +2.97537167696070881107e+00
  +2.97537172384941062120e+00
  +2.97537171001031985895e+00
  +2.97537168962013431894e+00
  +2.97537160845056192215e+00
  +2.97537169823889602327e+00
  +2.97537168683987340856e+00
  +2.97537177210582326481e+00
  +2.97537168340214552842e+00
  +2.97537168887028791175e+00
  +2.97537164835208667313e+00
  +2.97537162509030084223e+00
  +2.97537165303908635039e+00
  +2.97537165789670510208e+00
  +2.97537173515476016661e+00
  +2.97537178511078170828e+00
  +2.97537164059303815833e+00
  +2.97537163282373873230e+00
  +2.97537163804343007811e+00
  +2.97537170748475254811e+00
  +2.97537170951725604695e+00
  +2.97537176130237313032e+00
  +2.97537162947552946690e+00
  +2.97537167939712032805e+00
  +2.97537169016021962875e+00
  +2.97537164446320279154e+00
  +2.97537181394209815366e+00
  +2.97537166242829398399e+00
  +2.97537168719291367225e+00
  +2.97537171911704412253e+00
  +2.97537170163939679313e+00
  +2.97537175993385760719e+00
  +2.97537170381675863950e+00
  +2.97537174113311664314e+00
  +2.97537177476643144303e+00
  +2.97537170387236304947e+00
  +2.97537166758295601454e+00
  +2.97537162366615470788e+00
  +2.97537171169306891017e+00
  +2.97537168780356431341e+00
  +2.97537172128456850473e+00
  +2.97537176798086688834e+00
  +2.97537172078623868288e+00
  +2.97537161284857099020e+00
  +2.97537161122904603161e+00
  +2.97537159979104837149e+00
  +2.97537159393539463181e+00
  +2.97537163515020797178e+00
  +2.97537163376129143444e+00
  +2.97537170913238702141e+00
  +2.97537169145310675944e+00
  +2.97537175941078269048e+00
  +2.97537170295165864786e+00
  +2.97537172065254074127e+00
  +2.97537164625380423644e+00
  +2.97537173881216698845e+00
  +2.97537174774500590146e+00
  +2.97537167297817761735e+00
  +2.97537155313052581462e+00
  +2.97537167427592441626e+00
  +2.97537177376000183671e+00
  +2.97537165872002429268e+00
  +2.97537171801663946624e+00
  +2.97537178071847963068e+00
  +2.97537171824344337523e+00
  +2.97537167262912793930e+00
  +2.97537164663657538455e+00
  +2.97537168296294529668e+00
  +2.97537165863538843880e+00
  +2.97537166749745241034e+00
  +2.97537169165731540943e+00
  +2.97537178460406659397e+00
</dep>
<dep _net3.Vt time>
  +2.51164720751211767436e+00
  +2.51181142784748834274e+00
  +2.51181140245257417121e+00
  +2.51181142769805765269e+00
  +2.51181140242812572794e+00
  +2.51181142768861542791e+00
  +2.51181142768951426447e+00
  +2.51181142769373577650e+00
  +2.51181142769443299656e+00
  +2.51181140245015610546e+00
  +2.51181142770164234079e+00
  +2.51181142770506138362e+00
  +2.51181140247471468285e+00
  +2.51181142771363763444e+00
  +2.51181142771607524011e+00
  +2.51181142771994014851e+00
  +2.51181142772442944633e+00
  +2.51181140251241430406e+00
  +2.51181142771577281536e+00
  +2.51181140252800094714e+00
  +2.51181142770610232873e+00
  +2.51181142770585630331e+00
  +2.51181142770661924857e+00
  +2.51181142770723431212e+00
  +2.51181142770566578903e+00
  +2.51181142770420162691e+00
  +2.51181142770427978661e+00
  +2.51181142770215881654e+00
  +2.51181142770147536325e+00
  +2.51181142769866960762e+00
  +2.51181142769771659218e+00
  +2.51181142769597620656e+00
  +2.51181142769353416000e+00
  +2.51181142769269794002e+00
  +2.51181142769016529925e+00
  +2.51181142768998588721e+00
  +2.51181142768823972844e+00
  +2.51181142768545440092e+00
  +2.51181142768571197266e+00
  +2.51181142768443432800e+00
  +2.51181142768357945627e+00
  +2.51181142768085585715e+00
  +2.51181142768129861409e+00
  +2.51181142767834986174e+00
  +2.51181140255131341021e+00
  +2.51181142767371845537e+00
  +2.51181142767049170317e+00
  +2.51181140255778023729e+00
  +2.51181142766690213008e+00
  +2.51181142766531229071e+00
  +2.51181142766507825570e+00
  +2.51181142766468168404e+00
  +2.51181140257674861971e+00
  +2.51181142764695586322e+00
  +2.51181140259193824704e+00
  +2.51181142762958709014e+00
  +2.51181140260125035368e+00
  +2.51181140260208035642e+00
  +2.51181140260365243222e+00
  +2.51181140260424395905e+00
  +2.51181140260462276714e+00
  +2.51181140260557356214e+00
  +2.51181140260411117637e+00
  +2.51181142762099574028e+00
  +2.51181140261352675580e+00
  +2.51181140261323543328e+00
  +2.51181140261455171370e+00
  +2.51181140261621349552e+00
  +2.51181140261676416614e+00
  +2.51181140261726776330e+00
  +2.51181140261835578187e+00
  +2.51181140261965518690e+00
  +2.51181140261999535923e+00
  +2.51181140261848279138e+00
  +2.51181142760664810609e+00
  +2.51181140262773272553e+00
  +2.51181140262601232394e+00
  +2.51181140262786239958e+00
  +2.51181140262693514131e+00
  +2.51181142759847420010e+00
  +2.51181140263220648023e+00
  +2.51181140264506908011e+00
  +2.51181142758509157176e+00
  +2.51181142758488906708e+00
  +2.51181142758105835355e+00
  +2.51181142757644026986e+00
  +2.51181140265760038943e+00
  +2.51181142756444142350e+00
  +2.51181140266841573805e+00
  +2.51181142755617692330e+00
  +2.51181140268075608901e+00
  +2.51181140268272384830e+00
  +2.51181140268400637794e+00
  +2.51181140268151148476e+00
  +2.51181140268976443863e+00
  +2.51181142754224984159e+00
  +2.51181142754028252639e+00
  +2.51181142753937081125e+00
  +2.51181142753538422241e+00
  +2.51181142753634656373e+00
  +2.51181142753433572778e+00
  +2.51181142753131769751e+00
  +2.51181142753037267568e+00
</dep>
<dep _net2.Vt time>
  +1.98823268454266721683e+00
  +1.99248407091093993060e+00
  +1.99248404200310602619e+00
  +1.99248408672016319443e+00
  +1.99248404580620142035e+00
  +1.99248408709172486475e+00
  +1.99248408693541678716e+00
  +1.99248408631666551472e+00
  +1.99248408600197746132e+00
  +1.99248404416562441277e+00
  +1.99248408396831577782e+00
  +1.99248408353541761606e+00
  +1.99248404220970187772e+00
  +1.99248408158154699521e+00
  +1.99248408100944507382e+00
  +1.99248408034661927957e+00
  +1.99248407978069286273e+00
  +1.99248404018548486150e+00
  +1.99248407843015407082e+00
  +1.99248403977072818805e+00
  +1.99248407726716969535e+00
  +1.99248407704293617471e+00
  +1.99248407687136008803e+00
  +1.99248407675779315440e+00
  +1.99248407669882010573e+00
  +1.99248407685237327591e+00
  +1.99248407670603655539e+00
  +1.99248407674357075337e+00
  +1.99248407686889184021e+00
  +1.99248407694922891054e+00
  +1.99248407701521057511e+00
  +1.99248407709747588079e+00
  +1.99248407718255937660e+00
  +1.99248407726519638494e+00
  +1.99248407734314114670e+00
  +1.99248407741320132658e+00
  +1.99248407747114475441e+00
  +1.99248407752454426145e+00
  +1.99248407754148249005e+00
  +1.99248407752238243518e+00
  +1.99248407753862477598e+00
  +1.99248407760076795547e+00
  +1.99248407756635370625e+00
  +1.99248407787459802520e+00
  +1.99248404167196935255e+00
  +1.99248407741228694690e+00
  +1.99248407770130953054e+00
  +1.99248404191842265476e+00
  +1.99248407721066334020e+00
  +1.99248407736816091074e+00
  +1.99248407714979580696e+00
  +1.99248407709639940855e+00
  +1.99248404260228517693e+00
  +1.99248407658679704824e+00
  +1.99248404335628026551e+00
  +1.99248407604467758780e+00
  +1.99248404323534988869e+00
  +1.99248404319333860535e+00
  +1.99248404317096317051e+00
  +1.99248404317334038005e+00
  +1.99248404322833772007e+00
  +1.99248404320834859860e+00
  +1.99248404355383490483e+00
  +1.99248407568033192305e+00
  +1.99248404350180940980e+00
  +1.99248404351418928471e+00
  +1.99248404351078334251e+00
  +1.99248404352640995363e+00
  +1.99248404355426700363e+00
  +1.99248404357524711017e+00
  +1.99248404359714803569e+00
  +1.99248404359012765141e+00
  +1.99248404361093567339e+00
  +1.99248404397269252009e+00
  +1.99248407526752924213e+00
  +1.99248404387078759115e+00
  +1.99248404392360844994e+00
  +1.99248404391626543486e+00
  +1.99248404422919334067e+00
  +1.99248407499431778866e+00
  +1.99248404447202842604e+00
  +1.99248404426351122254e+00
  +1.99248407430337315382e+00
  +1.99248407432105723025e+00
  +1.99248407476596556265e+00
  +1.99248407419108097827e+00
  +1.99248404461428152423e+00
  +1.99248407409488104136e+00
  +1.99248404511423204966e+00
  +1.99248407400025007163e+00
  +1.99248404552338542750e+00
  +1.99248404531301925857e+00
  +1.99248404533483114420e+00
  +1.99248404585845184656e+00
  +1.99248404539420231885e+00
  +1.99248407315064590684e+00
  +1.99248407308912001135e+00
  +1.99248407316808928691e+00
  +1.99248407345231881571e+00
  +1.99248407335233013171e+00
  +1.99248407333392507645e+00
  +1.99248407365268276337e+00
  +1.99248407366803537144e+00
</dep>
<dep stage2l.Vt time>
  +1.49356411930761057150e+00
  +1.49409405261665928499e+00
  +1.49409403966480236470e+00
  +1.49409405255912552946e+00
  +1.49409403965881582010e+00
  +1.49409405255267135892e+00
  +1.49409405255279947866e+00
  +1.49409405255558525027e+00
  +1.49409405255405913771e+00
  +1.49409403967675724623e+00
  +1.49409405255677230073e+00
  +1.49409405255710847626e+00
  +1.49409403969430987225e+00
  +1.49409405256055305422e+00
  +1.49409405256204053103e+00
  +1.49409405256269711693e+00
  +1.49409405256497329617e+00
  +1.49409403972576981801e+00
  +1.49409405255339167162e+00
  +1.49409403973968690771e+00
  +1.49409405253924632007e+00
  +1.49409405253746130349e+00
  +1.49409405253749794085e+00
  +1.49409405253741578434e+00
  +1.49409405253600779950e+00
  +1.49409405253465488173e+00
  +1.49409405253475302544e+00
  +1.49409405253257565604e+00
  +1.49409405253164084826e+00
  +1.49409405252947280474e+00
  +1.49409405252848426215e+00
  +1.49409405252697879973e+00
  +1.49409405252504967621e+00
  +1.49409405252411886522e+00
  +1.49409405252212135196e+00
  +1.49409405252152849286e+00
  +1.49409405252007321252e+00
  +1.49409405251874005671e+00
  +1.49409405251845650575e+00
  +1.49409405251719262786e+00
  +1.49409405251627624978e+00
  +1.49409405251513138779e+00
  +1.49409405251392102265e+00
  +1.49409405251070781517e+00
  +1.49409403976947285919e+00
  +1.49409405250635218820e+00
  +1.49409405250207649729e+00
  +1.49409403977696397803e+00
  +1.49409405249823357131e+00
  +1.49409405249549109840e+00
  +1.49409405249470439436e+00
  +1.49409405249412663430e+00
  +1.49409403980048249849e+00
  +1.49409405247407622852e+00
  +1.49409403981827515473e+00
  +1.49409405245292092879e+00
  +1.49409403982916222375e+00
  +1.49409403982985344861e+00
  +1.49409403983129629445e+00
  +1.49409403983210098410e+00
  +1.49409403983371258384e+00
  +1.49409403983394439841e+00
  +1.49409403983175703701e+00
  +1.49409405244162063475e+00
  +1.49409403984327870951e+00
  +1.49409403984361111029e+00
  +1.49409403984422195499e+00
  +1.49409403984568101009e+00
  +1.49409403984654232111e+00
  +1.49409403984738586857e+00
  +1.49409403984852229286e+00
  +1.49409403984983368829e+00
  +1.49409403985056821185e+00
  +1.49409403984992383840e+00
  +1.49409405242351334131e+00
  +1.49409403986049427182e+00
  +1.49409403985981170671e+00
  +1.49409403986052802260e+00
  +1.49409403986027999878e+00
  +1.49409405241445680801e+00
  +1.49409403986515232354e+00
  +1.49409403988136313401e+00
  +1.49409405239600445725e+00
  +1.49409405239581905001e+00
  +1.49409405239163284307e+00
  +1.49409405238643344660e+00
  +1.49409403989723443829e+00
  +1.49409405237227144170e+00
  +1.49409403991248956878e+00
  +1.49409405236207870615e+00
  +1.49409403992797762406e+00
  +1.49409403993001355104e+00
  +1.49409403993141842726e+00
  +1.49409403992901257396e+00
  +1.49409403993822764711e+00
  +1.49409405234095760129e+00
  +1.49409405234082903746e+00
  +1.49409405233826309001e+00
  +1.49409405233622116782e+00
  +1.49409405233639192012e+00
  +1.49409405233442171834e+00
  +1.49409405233180136996e+00
  +1.49409405233088721232e+00
</dep>
<dep stage1.Vt time>
  +2.00315862885149975625e+00
  +2.01081492880969392445e+00
  +2.01081502173857007421e+00
  +2.01081508846694045900e+00
  +2.01081511202387241966e+00
  +2.01081515232407825877e+00
  +2.01081517896005035340e+00
  +2.01081519973995881401e+00
  +2.01081522512422017357e+00
  +2.01081522088834319106e+00
  +2.01081524040904602302e+00
  +2.01081525458347920576e+00
  +2.01081523912634940743e+00
  +2.01081525171301489507e+00
  +2.01081524963257285421e+00
  +2.01081524778698561562e+00
  +2.01081524328150429426e+00
  +2.01081522693528569334e+00
  +2.01081523314008059344e+00
  +2.01081521575055921502e+00
  +2.01081521932649209816e+00
  +2.01081521210798364052e+00
  +2.01081520475143227245e+00
  +2.01081519784430939879e+00
  +2.01081519140916720190e+00
  +2.01081518855752072739e+00
  +2.01081518009121040791e+00
  +2.01081517660523267921e+00
  +2.01081517359341299667e+00
  +2.01081517067525439302e+00
  +2.01081516777740798574e+00
  +2.01081516577576291382e+00
  +2.01081516420424133429e+00
  +2.01081516306623298007e+00
  +2.01081516232424961643e+00
  +2.01081516190023723567e+00
  +2.01081516171990148933e+00
  +2.01081516181977937308e+00
  +2.01081516147804961747e+00
  +2.01081516111352653908e+00
  +2.01081516113087133135e+00
  +2.01081515951173361856e+00
  +2.01081516193700160500e+00
  +2.01081517012891408669e+00
  +2.01081515510637043320e+00
  +2.01081516550076333516e+00
  +2.01081517317268998468e+00
  +2.01081515658580745054e+00
  +2.01081516799964132858e+00
  +2.01081517270883036730e+00
  +2.01081516972131923993e+00
  +2.01081516898794898651e+00
  +2.01081515775127650514e+00
  +2.01081517080917215878e+00
  +2.01081516626934897474e+00
  +2.01081517295927758582e+00
  +2.01081516080236921695e+00
  +2.01081515967767776587e+00
  +2.01081515915545727680e+00
  +2.01081515859334469809e+00
  +2.01081515652876019473e+00
  +2.01081515791166998142e+00
  +2.01081516566302376248e+00
  +2.01081517259434505718e+00
  +2.01081516013879957328e+00
  +2.01081515842549896078e+00
  +2.01081515933748278258e+00
  +2.01081515932720034101e+00
  +2.01081515930049059548e+00
  +2.01081515911771324667e+00
  +2.01081515894085338658e+00
  +2.01081515826778334244e+00
  +2.01081515793232590283e+00
  +2.01081516554050443446e+00
  +2.01081517127936093559e+00
  +2.01081515952872491582e+00
  +2.01081515769162466611e+00
  +2.01081515948661815330e+00
  +2.01081516671058224688e+00
  +2.01081517149227240182e+00
  +2.01081517341884419281e+00
  +2.01081515953148048936e+00
  +2.01081516544892080489e+00
  +2.01081516509537472359e+00
  +2.01081517531002518240e+00
  +2.01081516574080376714e+00
  +2.01081515640699048930e+00
  +2.01081516680730043589e+00
  +2.01081515873827054719e+00
  +2.01081517057866188125e+00
  +2.01081516100530288682e+00
  +2.01081515776720198829e+00
  +2.01081515714001390904e+00
  +2.01081516822211403550e+00
  +2.01081515616927752887e+00
  +2.01081516303926521871e+00
  +2.01081515836262392227e+00
  +2.01081516267639370810e+00
  +2.01081516643818458689e+00
  +2.01081516541501237327e+00
  +2.01081516622253264615e+00
  +2.01081517265459241983e+00
  +2.01081517480328297864e+00
</dep>
<dep _net0.Vt time>
  +1.98485786465185976013e+00
  +1.99250640050629534983e+00
  +1.99250638990202544321e+00
  +1.99250640099192311006e+00
  +1.99250639073030044734e+00
  +1.99250640186683125599e+00
  +1.99250640217148733413e+00
  +1.99250640269850110009e+00
  +1.99250640371287746078e+00
  +1.99250639328840573050e+00
  +1.99250640525840561068e+00
  +1.99250640625878228107e+00
  +1.99250639445708932485e+00
  +1.99250640766059761155e+00
  +1.99250640779090515409e+00
  +1.99250640815224011604e+00
  +1.99250640852350646703e+00
  +1.99250639795765027706e+00
  +1.99250640869884709794e+00
  +1.99250639870961721023e+00
  +1.99250640895047004264e+00
  +1.99250640909440956960e+00
  +1.99250640918854005079e+00
  +1.99250640925368172063e+00
  +1.99250640928602495983e+00
  +1.99250640931034594949e+00
  +1.99250640914999554987e+00
  +1.99250640911167242741e+00
  +1.99250640905325626662e+00
  +1.99250640900784592446e+00
  +1.99250640894103336898e+00
  +1.99250640888304531018e+00
  +1.99250640882676632870e+00
  +1.99250640877176077304e+00
  +1.99250640871912110264e+00
  +1.99250640866867723133e+00
  +1.99250640862461669833e+00
  +1.99250640858378669229e+00
  +1.99250640851913174423e+00
  +1.99250640848497528879e+00
  +1.99250640844256721174e+00
  +1.99250640795985467513e+00
  +1.99250640782772947546e+00
  +1.99250640811070955927e+00
  +1.99250639833695619707e+00
  +1.99250640838418346945e+00
  +1.99250640870157180728e+00
  +1.99250639770737292267e+00
  +1.99250640898244602006e+00
  +1.99250640918034505056e+00
  +1.99250640931067235506e+00
  +1.99250640933075739980e+00
  +1.99250639809320428952e+00
  +1.99250640883308816065e+00
  +1.99250639712629062927e+00
  +1.99250640951956792257e+00
  +1.99250639741359591994e+00
  +1.99250639737900248072e+00
  +1.99250639737218815384e+00
  +1.99250639736290935389e+00
  +1.99250639696793130362e+00
  +1.99250639687205777228e+00
  +1.99250639719513800152e+00
  +1.99250640958307334571e+00
  +1.99250639746887214798e+00
  +1.99250639723032940687e+00
  +1.99250639717662414441e+00
  +1.99250639716737354412e+00
  +1.99250639716892585795e+00
  +1.99250639717181821098e+00
  +1.99250639717405020335e+00
  +1.99250639717546773610e+00
  +1.99250639717040178844e+00
  +1.99250639751688018997e+00
  +1.99250640934212097655e+00
  +1.99250639780153360192e+00
  +1.99250639742579371827e+00
  +1.99250639734360879274e+00
  +1.99250639764047976499e+00
  +1.99250640933902145591e+00
  +1.99250639971437482068e+00
  +1.99250640020320202161e+00
  +1.99250640696054848178e+00
  +1.99250640691459635079e+00
  +1.99250640736824879973e+00
  +1.99250640777984977525e+00
  +1.99250639919186167681e+00
  +1.99250640856279437330e+00
  +1.99250639860694045424e+00
  +1.99250640900180031601e+00
  +1.99250639826395792298e+00
  +1.99250639830549980402e+00
  +1.99250639830444309375e+00
  +1.99250639881291258249e+00
  +1.99250639926425066051e+00
  +1.99250640754316155068e+00
  +1.99250640699630987562e+00
  +1.99250640698315151234e+00
  +1.99250640690848812575e+00
  +1.99250640682605051346e+00
  +1.99250640680557933315e+00
  +1.99250640685354052373e+00
  +1.99250640692992009306e+00
</dep>
<dep sensor.Vt time>
  +1.05050606665950008178e+00
  +1.05050606665950008178e+00
  +1.05050606665950008178e+00
  +1.04904101142825845194e+00
  +1.05259428458937454032e+00
  +1.05614755775049085074e+00
  +1.05532788327528992411e+00
  +1.05816358545739719332e+00
  +1.05519119804516980921e+00
  +1.05730932924826803720e+00
  +1.05942746045136670929e+00
  +1.05551591152385326744e+00
  +1.05691647174794312036e+00
  +1.05831703197203275124e+00
  +1.05346632152923347370e+00
  +1.05414931077431406337e+00
  +1.05483230001939487508e+00
  +1.04711130566056032087e+00
  +1.04707672392663209138e+00
  +1.04384619154957625220e+00
  +1.04452918079465706391e+00
  +1.04521217003973787563e+00
  +1.04609494065296315668e+00
  +1.04736503342632381042e+00
  +1.04863512619968468620e+00
  +1.04500560640545514524e+00
  +1.04445264289119643664e+00
  +1.04663477413327266063e+00
  +1.04588262142033561197e+00
  +1.04513046870739834127e+00
  +1.04473062071874478463e+00
  +1.04469603898481655513e+00
  +1.04466145725088832563e+00
  +1.04462687551696031818e+00
  +1.04459229378303231073e+00
  +1.04458168583920518735e+00
  +1.04476789517574109034e+00
  +1.04495410451227721538e+00
  +1.04565198826373961793e+00
  +1.04848769044584688714e+00
  +1.05132339262795415635e+00
  +1.04713961846224656860e+00
  +1.04961653515484942822e+00
  +1.04628752692137827474e+00
  +1.04840565812447672478e+00
  +1.05052378932757517482e+00
  +1.04686753071180360664e+00
  +1.04904085968251825634e+00
  +1.05121418865323312808e+00
  +1.04980899865642429702e+00
  +1.05264470083853156623e+00
  +1.05548040302063905749e+00
  +1.04914257210244032947e+00
  +1.04946677585801673160e+00
  +1.04308425683774719239e+00
  +1.04360165277997984923e+00
  +1.04411904872221250606e+00
  +1.04545890250278694644e+00
  +1.04829460468489443770e+00
  +1.05113030686700192895e+00
  +1.04753555416055754712e+00
  +1.04965368536365599716e+00
  +1.04555512763379376828e+00
  +1.04552054589986576083e+00
  +1.04548596416593775338e+00
  +1.04226552033453767621e+00
  +1.04280499538381676849e+00
  +1.04334447043309563874e+00
  +1.04359629584982127604e+00
  +1.04378250518635740107e+00
  +1.04396871452289374815e+00
  +1.04512911706855682326e+00
  +1.04639920984191747699e+00
  +1.04131248375908480597e+00
  +1.04127790202515657647e+00
  +1.04124332029122834697e+00
  +1.03488388240910489380e+00
  +1.03413172969616806718e+00
  +1.02769273529062399319e+00
  +1.02909329551471362407e+00
  +1.02582964658183839468e+00
  +1.03249239398532677292e+00
  +1.03913258622012460997e+00
  +1.04401849119940060007e+00
  +1.04013018034975490700e+00
  +1.04526210966469079722e+00
  +1.05039403897962668744e+00
  +1.04469058428559047336e+00
  +1.04465600255166224386e+00
  +1.03801085493823364025e+00
  +1.03510598928826991205e+00
  +1.04028768876177468705e+00
  +1.04550694319638681762e+00
  +1.04082452649045631432e+00
  +1.04940079650463524708e+00
  +1.05797706651881417983e+00
  +1.06118156991849454940e+00
  +1.06841049896199002944e+00
  +1.06345543051485780239e+00
  +1.06165570508520046289e+00
  +1.06162112335127245544e+00
  +1.05186044218961649577e+00
  +1.04034472479154560531e+00
</dep>
<dep _net6.Vt time>
  +1.99250639706405152651e+00
  +1.99250639827425013451e+00
  +1.99250639739006030204e+00
  +1.99250639687285135970e+00
  +1.99250639658826322886e+00
  +1.99250639649904504047e+00
  +1.99250639659984818408e+00
  +1.99250639682669139496e+00
  +1.99250639718655264687e+00
  +1.99250639760966063996e+00
  +1.99250639809148366588e+00
  +1.99250639863704748223e+00
  +1.99250639917907435006e+00
  +1.99250639972634657759e+00
  +1.99250640028479519827e+00
  +1.99250640081271601645e+00
  +1.99250640130396283745e+00
  +1.99250640178757132404e+00
  +1.99250640221543173780e+00
  +1.99250640260417521965e+00
  +1.99250640293744663012e+00
  +1.99250640322024330509e+00
  +1.99250640345418794652e+00
  +1.99250640364144615546e+00
  +1.99250640378571275413e+00
  +1.99250640390989919304e+00
  +1.99250640398875455972e+00
  +1.99250640403561152247e+00
  +1.99250640406271406491e+00
  +1.99250640406866241783e+00
  +1.99250640405628387519e+00
  +1.99250640402974554810e+00
  +1.99250640399245071421e+00
  +1.99250640394750444528e+00
  +1.99250640389756750182e+00
  +1.99250640384489496881e+00
  +1.99250640379085974807e+00
  +1.99250640373754395185e+00
  +1.99250640368405673719e+00
  +1.99250640362642150727e+00
  +1.99250640356994646041e+00
  +1.99250640353579888675e+00
  +1.99250640349661090056e+00
  +1.99250640348207097574e+00
  +1.99250640344374230217e+00
  +1.99250640341599583039e+00
  +1.99250640341609885908e+00
  +1.99250640339137685686e+00
  +1.99250640337635576138e+00
  +1.99250640337846696148e+00
  +1.99250640336359796656e+00
  +1.99250640335151718574e+00
  +1.99250640336917550499e+00
  +1.99250640337833373472e+00
  +1.99250640341332507788e+00
  +1.99250640341894968977e+00
  +1.99250640343272933386e+00
  +1.99250640344229812406e+00
  +1.99250640344657070635e+00
  +1.99250640344728191522e+00
  +1.99250640346281948645e+00
  +1.99250640346895702137e+00
  +1.99250640349635221860e+00
  +1.99250640349885199676e+00
  +1.99250640350748375873e+00
  +1.99250640352312968773e+00
  +1.99250640353324448562e+00
  +1.99250640353988250908e+00
  +1.99250640354552577271e+00
  +1.99250640354974639656e+00
  +1.99250640355276509297e+00
  +1.99250640355123032066e+00
  +1.99250640354791874742e+00
  +1.99250640357021446825e+00
  +1.99250640356507124906e+00
  +1.99250640356750774451e+00
  +1.99250640358583952505e+00
  +1.99250640359769759513e+00
  +1.99250640363023068247e+00
  +1.99250640362642350567e+00
  +1.99250640365806130916e+00
  +1.99250640362727282628e+00
  +1.99250640361014252910e+00
  +1.99250640359196662388e+00
  +1.99250640360635467019e+00
  +1.99250640357318253848e+00
  +1.99250640354820141020e+00
  +1.99250640355398944692e+00
  +1.99250640354998664883e+00
  +1.99250640356529218344e+00
  +1.99250640357544295256e+00
  +1.99250640355969887985e+00
  +1.99250640354297847701e+00
  +1.99250640356371366835e+00
  +1.99250640352150698575e+00
  +1.99250640348649810107e+00
  +1.99250640345646501395e+00
  +1.99250640342145635131e+00
  +1.99250640341512985643e+00
  +1.99250640340244022930e+00
  +1.99250640339142304214e+00
  +1.99250640341920126630e+00
  +1.99250640345845275725e+00
</dep>
<dep _net4.Vt time>
  +2.99999999999999911182e+00
  +3.00000000000000000000e+00
  +3.00000000000000000000e+00
  +3.00000000000000000000e+00
  +3.00000000000000000000e+00
  +3.00000000000000000000e+00
  +3.00000000000000000000e+00
  +3.00000000000000000000e+00
  +3.00000000000000000000e+00
  +3.00000000000000000000e+00
  +3.00000000000000000000e+00
  +3.00000000000000000000e+00
  +3.00000000000000000000e+00
  +3.00000000000000000000e+00
  +3.00000000000000000000e+00
  +3.00000000000000000000e+00
  +3.00000000000000000000e+00
  +3.00000000000000000000e+00
  +3.00000000000000000000e+00
  +3.00000000000000000000e+00
  +3.00000000000000000000e+00
  +3.00000000000000000000e+00
  +3.00000000000000000000e+00
  +3.00000000000000000000e+00
  +3.00000000000000000000e+00
  +3.00000000000000000000e+00
  +3.00000000000000000000e+00
  +3.00000000000000000000e+00
  +3.00000000000000000000e+00
  +3.00000000000000000000e+00
  +3.00000000000000000000e+00
  +3.00000000000000000000e+00
  +3.00000000000000000000e+00
  +3.00000000000000000000e+00
  +3.00000000000000000000e+00
  +3.00000000000000000000e+00
  +3.00000000000000000000e+00
  +3.00000000000000000000e+00
  +3.00000000000000000000e+00
  +3.00000000000000000000e+00
  +3.00000000000000000000e+00
  +3.00000000000000000000e+00
  +3.00000000000000000000e+00
  +3.00000000000000000000e+00
  +3.00000000000000000000e+00
  +3.00000000000000000000e+00
  +3.00000000000000000000e+00
  +3.00000000000000000000e+00
  +3.00000000000000000000e+00
  +3.00000000000000000000e+00
  +3.00000000000000000000e+00
  +3.00000000000000000000e+00
  +3.00000000000000000000e+00
  +3.00000000000000000000e+00
  +3.00000000000000000000e+00
  +3.00000000000000000000e+00
  +3.00000000000000000000e+00
  +3.00000000000000000000e+00
  +3.00000000000000000000e+00
  +3.00000000000000000000e+00
  +3.00000000000000000000e+00
  +3.00000000000000000000e+00
  +3.00000000000000000000e+00
  +3.00000000000000000000e+00
  +3.00000000000000000000e+00
  +3.00000000000000000000e+00
  +3.00000000000000000000e+00
  +3.00000000000000000000e+00
  +3.00000000000000000000e+00
  +3.00000000000000000000e+00
  +3.00000000000000000000e+00
  +3.00000000000000000000e+00
  +3.00000000000000000000e+00
  +3.00000000000000000000e+00
  +3.00000000000000000000e+00
  +3.00000000000000000000e+00
  +3.00000000000000000000e+00
  +3.00000000000000000000e+00
  +3.00000000000000000000e+00
  +3.00000000000000000000e+00
  +3.00000000000000000000e+00
  +3.00000000000000000000e+00
  +3.00000000000000000000e+00
  +3.00000000000000000000e+00
  +3.00000000000000000000e+00
  +3.00000000000000000000e+00
  +3.00000000000000000000e+00
  +3.00000000000000000000e+00
  +3.00000000000000000000e+00
  +3.00000000000000000000e+00
  +3.00000000000000000000e+00
  +3.00000000000000000000e+00
  +3.00000000000000000000e+00
  +3.00000000000000000000e+00
  +3.00000000000000000000e+00
  +3.00000000000000000000e+00
  +3.00000000000000000000e+00
  +3.00000000000000000000e+00
  +3.00000000000000000000e+00
  +3.00000000000000000000e+00
  +3.00000000000000000000e+00
  +3.00000000000000000000e+00
  +3.00000000000000000000e+00
</dep>
<dep _net1.Vt time>
  +1.98482752873672496641e+00
  +1.99248403279364905138e+00
  +1.99248411677321435320e+00
  +1.99248415779754384225e+00
  +1.99248415104661624753e+00
  +1.99248416062786914971e+00
  +1.99248415650433718938e+00
  +1.99248414901499559804e+00
  +1.99248414837189402604e+00
  +1.99248412088964710343e+00
  +1.99248412099247040885e+00
  +1.99248411859413043778e+00
  +1.99248408968756907100e+00
  +1.99248409236528356558e+00
  +1.99248408223900463909e+00
  +1.99248407572090746598e+00
  +1.99248406899480490218e+00
  +1.99248405106243753337e+00
  +1.99248405850493970348e+00
  +1.99248404328763162319e+00
  +1.99248405076737356012e+00
  +1.99248404837836168291e+00
  +1.99248404652347477217e+00
  +1.99248404558033054279e+00
  +1.99248404530010292390e+00
  +1.99248404799613210159e+00
  +1.99248404502751208511e+00
  +1.99248404729597061724e+00
  +1.99248404931420619590e+00
  +1.99248405095222191896e+00
  +1.99248405214953394626e+00
  +1.99248405380541471210e+00
  +1.99248405539204687109e+00
  +1.99248405692188312877e+00
  +1.99248405837611786140e+00
  +1.99248405970520070518e+00
  +1.99248406089306562272e+00
  +1.99248406199347227741e+00
  +1.99248406237105690764e+00
  +1.99248406273321188031e+00
  +1.99248406327944160843e+00
  +1.99248406095697205842e+00
  +1.99248406345840600729e+00
  +1.99248407106462055438e+00
  +1.99248405556955421325e+00
  +1.99248406565187408113e+00
  +1.99248407246138503623e+00
  +1.99248405526271321619e+00
  +1.99248406630675001239e+00
  +1.99248407036283370353e+00
  +1.99248406702431091198e+00
  +1.99248406611387451903e+00
  +1.99248405348489865396e+00
  +1.99248406612917450254e+00
  +1.99248406052139137579e+00
  +1.99248406665359811818e+00
  +1.99248405421601693099e+00
  +1.99248405298168984601e+00
  +1.99248405266181860540e+00
  +1.99248405239744230677e+00
  +1.99248404977773763136e+00
  +1.99248405146259366383e+00
  +1.99248405897103131323e+00
  +1.99248406572774072743e+00
  +1.99248405331336209123e+00
  +1.99248405120962845949e+00
  +1.99248405229979663744e+00
  +1.99248405248120152855e+00
  +1.99248405262917849257e+00
  +1.99248405261943917210e+00
  +1.99248405261959371515e+00
  +1.99248405223443270096e+00
  +1.99248405221384672359e+00
  +1.99248405954783747163e+00
  +1.99248406516608023153e+00
  +1.99248405350064006214e+00
  +1.99248405089704294646e+00
  +1.99248405272411654998e+00
  +1.99248405945980833209e+00
  +1.99248406431699942587e+00
  +1.99248406634513086644e+00
  +1.99248405301788045207e+00
  +1.99248405992255639418e+00
  +1.99248406037364356180e+00
  +1.99248407057524579145e+00
  +1.99248406143010559077e+00
  +1.99248405284839358309e+00
  +1.99248406256902943490e+00
  +1.99248405453917798447e+00
  +1.99248406550544543414e+00
  +1.99248405550283358423e+00
  +1.99248405273490591938e+00
  +1.99248405270921713495e+00
  +1.99248406350474338566e+00
  +1.99248405208244272480e+00
  +1.99248406005775913208e+00
  +1.99248405572566866795e+00
  +1.99248406126458510457e+00
  +1.99248406457667970315e+00
  +1.99248406313038906035e+00
  +1.99248406371447273067e+00
  +1.99248406871855232581e+00
  +1.99248406896147400857e+00
</dep>
<indep V2.I 1>
  -3.25365827041580171416e-04
</indep>
<indep V5.I 1>
  +3.75284592588085754499e-16
</indep>
<indep stage3l.V 1>
  +2.97537145429778115968e+00
</indep>
<indep _net5.V 1>
  +4.76377811855942578934e-01
</indep>
<indep stage2h.V 1>
  +2.01079193868238847998e+00
</indep>
<indep stage3h.V 1>
  +2.97537144087851235241e+00
</indep>
<indep _net3.V 1>
  +2.51181141511537697752e+00
</indep>
<indep _net2.V 1>
  +1.99248405953459362117e+00
</indep>
<indep stage2l.V 1>
  +1.49409404614024965419e+00
</indep>
<indep stage1.V 1>
  +2.01081516531075443766e+00
</indep>
<indep _net0.V 1>
  +1.99250640380468646562e+00
</indep>
<indep sensor.V 1>
  +0.00000000000000000000e+00
</indep>
<indep _net6.V 1>
  +1.99250640380468646562e+00
</indep>
<indep _net4.V 1>
  +3.00000000000000000000e+00
</indep>
<indep _net1.V 1>
  +1.99248405953459362117e+00
</indep>
